0.0 0.0 1.8 0.0
2.2 0.0 4.0 0.0
0.0 0.0 0.0 1.8
4.0 0.0 4.0 1.8
0.0 3.2 0.0 5.0
4.0 3.2 4.0 5.0
0.0 5.0 1.8 5.0
2.2 5.0 4.0 5.0
1.7 2.5 1.7 3.1
1.7 3.1 0.9 3.1
0.9 3.1 0.9 4.3
0.9 4.3 3.1 4.3
3.1 4.3 3.1 3.1
3.1 3.1 2.3 3.1
2.3 3.1 2.3 2.5
2.0 4.3 2.0 3.7
1.5 3.7 2.5 3.7

%2.0000    1.2000    2.2000    1.5464 triangle3
%2.2000    1.5464    1.9134    1.2500 triangle3
%1.9134    1.2500    2.0000    1.2000 triangle3

%1.8000    1.4250    2.2000    1.4250 square1
%2.2000    1.4250    2.2000    1.5750 square1
%2.2000    1.5750    1.8000    1.5750 square1
%1.8000    1.5750    1.8000    1.4250 square1

1.8863    1.3601    2.1729    1.4488 square2
2.1729    1.4488    2.1137    1.6399 square2
2.1137    1.6399    1.8271    1.5512 square2
1.8271    1.5512    1.8863    1.3601 square2

%2.0000    1.5000    2.2866    1.5887 triangle4
%2.2866    1.5887    1.9557    1.6433 triangle4
%1.9557    1.6433    2.0000    1.5000 triangle4